9 15 21 31 44 52 68 78 87 92 108 118 123 133 149 150 160 172 184 192 200 217 
0 16 22 32 45 53 69 79 88 93 109 119 124 134 140 151 161 173 185 193 201 218 
1 17 23 33 46 54 60 70 89 94 100 110 125 135 141 152 162 174 186 194 202 219 
2 18 24 34 47 55 61 71 80 95 101 111 126 136 142 153 163 175 187 195 203 210 
3 19 25 35 48 56 62 72 81 96 102 112 127 137 143 154 164 176 188 196 204 211 
4 10 26 36 49 57 63 73 82 97 103 113 128 138 144 155 165 177 189 197 205 212 
5 11 27 37 40 58 64 74 83 98 104 114 129 139 145 156 166 178 180 198 206 213 
6 12 28 38 41 59 65 75 84 99 105 115 120 130 146 157 167 179 181 199 207 214 
7 13 29 39 42 50 66 76 85 90 106 116 121 131 147 158 168 170 182 190 208 215 
8 14 20 30 43 51 67 77 86 91 107 117 122 132 148 159 169 171 183 191 209 216 
3 17 22 39 47 50 69 74 84 98 107 115 122 134 144 158 162 171 183 197 209 216 221 
4 18 23 30 48 51 60 75 85 99 108 116 123 135 145 159 163 172 184 198 200 217 222 
5 19 24 31 49 52 61 76 86 90 109 117 124 136 146 150 164 173 185 199 201 218 223 
6 10 25 32 40 53 62 77 87 91 100 118 125 137 147 151 165 174 186 190 202 219 224 
7 11 26 33 41 54 63 78 88 92 101 119 126 138 148 152 166 175 187 191 203 210 225 
8 12 27 34 42 55 64 79 89 93 102 110 127 139 149 153 167 176 188 192 204 211 226 
9 13 28 35 43 56 65 70 80 94 103 111 128 130 140 154 168 177 189 193 205 212 227 
0 14 29 36 44 57 66 71 81 95 104 112 129 131 141 155 169 178 180 194 206 213 228 
1 15 20 37 45 58 67 72 82 96 105 113 120 132 142 156 160 179 181 195 207 214 229 
2 16 21 38 46 59 68 73 83 97 106 114 121 133 143 157 161 170 182 196 208 215 220 
3 19 20 33 41 51 66 71 89 99 106 118 125 133 148 157 164 179 186 198 208 218 230 
4 10 21 34 42 52 67 72 80 90 107 119 126 134 149 158 165 170 187 199 209 219 231 
5 11 22 35 43 53 68 73 81 91 108 110 127 135 140 159 166 171 188 190 200 210 232 
6 12 23 36 44 54 69 74 82 92 109 111 128 136 141 150 167 172 189 191 201 211 233 
7 13 24 37 45 55 60 75 83 93 100 112 129 137 142 151 168 173 180 192 202 212 234 
8 14 25 38 46 56 61 76 84 94 101 113 120 138 143 152 169 174 181 193 203 213 235 
9 15 26 39 47 57 62 77 85 95 102 114 121 139 144 153 160 175 182 194 204 214 236 
0 16 27 30 48 58 63 78 86 96 103 115 122 130 145 154 161 176 183 195 205 215 237 
1 17 28 31 49 59 64 79 87 97 104 116 123 131 146 155 162 177 184 196 206 216 238 
2 18 29 32 40 50 65 70 88 98 105 117 124 132 147 156 163 178 185 197 207 217 239 
2 12 26 34 44 50 61 70 86 95 109 113 128 131 148 154 169 177 180 198 205 216 220 231 241 
3 13 27 35 45 51 62 71 87 96 100 114 129 132 149 155 160 178 181 199 206 217 221 232 242 
4 14 28 36 46 52 63 72 88 97 101 115 120 133 140 156 161 179 182 190 207 218 222 233 243 
5 15 29 37 47 53 64 73 89 98 102 116 121 134 141 157 162 170 183 191 208 219 223 234 244 
6 16 20 38 48 54 65 74 80 99 103 117 122 135 142 158 163 171 184 192 209 210 224 235 245 
7 17 21 39 49 55 66 75 81 90 104 118 123 136 143 159 164 172 185 193 200 211 225 236 246 
8 18 22 30 40 56 67 76 82 91 105 119 124 137 144 150 165 173 186 194 201 212 226 237 247 
9 19 23 31 41 57 68 77 83 92 106 110 125 138 145 151 166 174 187 195 202 213 227 238 248 
0 10 24 32 42 58 69 78 84 93 107 111 126 139 146 152 167 175 188 196 203 214 228 239 249 
1 11 25 33 43 59 60 79 85 94 108 112 127 130 147 153 168 176 189 197 204 215 229 230 240 
1 13 20 33 42 56 64 70 85 97 100 111 121 134 141 153 167 178 188 197 204 216 225 232 241 257 
2 14 21 34 43 57 65 71 86 98 101 112 122 135 142 154 168 179 189 198 205 217 226 233 242 258 
3 15 22 35 44 58 66 72 87 99 102 113 123 136 143 155 169 170 180 199 206 218 227 234 243 259 
4 16 23 36 45 59 67 73 88 90 103 114 124 137 144 156 160 171 181 190 207 219 228 235 244 250 
5 17 24 37 46 50 68 74 89 91 104 115 125 138 145 157 161 172 182 191 208 210 229 236 245 251 
6 18 25 38 47 51 69 75 80 92 105 116 126 139 146 158 162 173 183 192 209 211 220 237 246 252 
7 19 26 39 48 52 60 76 81 93 106 117 127 130 147 159 163 174 184 193 200 212 221 238 247 253 
8 10 27 30 49 53 61 77 82 94 107 118 128 131 148 150 164 175 185 194 201 213 222 239 248 254 
9 11 28 31 40 54 62 78 83 95 108 119 129 132 149 151 165 176 186 195 202 214 223 230 249 255 
0 12 29 32 41 55 63 79 84 96 109 110 120 133 140 152 166 177 187 196 203 215 224 231 240 256 
9 14 26 34 40 54 67 74 87 90 100 112 120 138 149 150 160 170 184 194 206 212 222 234 249 254 
0 15 27 35 41 55 68 75 88 91 101 113 121 139 140 151 161 171 185 195 207 213 223 235 240 255 
1 16 28 36 42 56 69 76 89 92 102 114 122 130 141 152 162 172 186 196 208 214 224 236 241 256 
2 17 29 37 43 57 60 77 80 93 103 115 123 131 142 153 163 173 187 197 209 215 225 237 242 257 
3 18 20 38 44 58 61 78 81 94 104 116 124 132 143 154 164 174 188 198 200 216 226 238 243 258 
4 19 21 39 45 59 62 79 82 95 105 117 125 133 144 155 165 175 189 199 201 217 227 239 244 259 
5 10 22 30 46 50 63 70 83 96 106 118 126 134 145 156 166 176 180 190 202 218 228 230 245 250 
6 11 23 31 47 51 64 71 84 97 107 119 127 135 146 157 167 177 181 191 203 219 229 231 246 251 
7 12 24 32 48 52 65 72 85 98 108 110 128 136 147 158 168 178 182 192 204 210 220 232 247 252 
8 13 25 33 49 53 66 73 86 99 109 111 129 137 148 159 169 179 183 193 205 211 221 233 248 253 
1 14 29 32 41 56 63 74 80 94 109 115 121 139 145 151 161 175 180 197 206 210 221 233 241 257 
2 15 20 33 42 57 64 75 81 95 100 116 122 130 146 152 162 176 181 198 207 211 222 234 242 258 
3 16 21 34 43 58 65 76 82 96 101 117 123 131 147 153 163 177 182 199 208 212 223 235 243 259 
4 17 22 35 44 59 66 77 83 97 102 118 124 132 148 154 164 178 183 190 209 213 224 236 244 250 
5 18 23 36 45 50 67 78 84 98 103 119 125 133 149 155 165 179 184 191 200 214 225 237 245 251 
6 19 24 37 46 51 68 79 85 99 104 110 126 134 140 156 166 170 185 192 201 215 226 238 246 252 
7 10 25 38 47 52 69 70 86 90 105 111 127 135 141 157 167 171 186 193 202 216 227 239 247 253 
8 11 26 39 48 53 60 71 87 91 106 112 128 136 142 158 168 172 187 194 203 217 228 230 248 254 
9 12 27 30 49 54 61 72 88 92 107 113 129 137 143 159 169 173 188 195 204 218 229 231 249 255 
0 13 28 31 40 55 62 73 89 93 108 114 120 138 144 150 160 174 189 196 205 219 220 232 240 256 
2 14 29 31 45 50 65 74 82 97 100 118 121 138 142 150 166 173 187 191 202 218 223 232 246 259 
3 15 20 32 46 51 66 75 83 98 101 119 122 139 143 151 167 174 188 192 203 219 224 233 247 250 
4 16 21 33 47 52 67 76 84 99 102 110 123 130 144 152 168 175 189 193 204 210 225 234 248 251 
5 17 22 34 48 53 68 77 85 90 103 111 124 131 145 153 169 176 180 194 205 211 226 235 249 252 
6 18 23 35 49 54 69 78 86 91 104 112 125 132 146 154 160 177 181 195 206 212 227 236 240 253 
7 19 24 36 40 55 60 79 87 92 105 113 126 133 147 155 161 178 182 196 207 213 228 237 241 254 
8 10 25 37 41 56 61 70 88 93 106 114 127 134 148 156 162 179 183 197 208 214 229 238 242 255 
9 11 26 38 42 57 62 71 89 94 107 115 128 135 149 157 163 170 184 198 209 215 220 239 243 256 
0 12 27 39 43 58 63 72 80 95 108 116 129 136 140 158 164 171 185 199 200 216 221 230 244 257 
1 13 28 30 44 59 64 73 81 96 109 117 120 137 141 159 165 172 186 190 201 217 222 231 245 258 
2 17 23 33 41 55 64 70 87 92 100 119 127 135 149 154 161 171 185 193 208 211 227 238 249 259 
3 18 24 34 42 56 65 71 88 93 101 110 128 136 140 155 162 172 186 194 209 212 228 239 240 250 
4 19 25 35 43 57 66 72 89 94 102 111 129 137 141 156 163 173 187 195 200 213 229 230 241 251 
5 10 26 36 44 58 67 73 80 95 103 112 120 138 142 157 164 174 188 196 201 214 220 231 242 252 
6 11 27 37 45 59 68 74 81 96 104 113 121 139 143 158 165 175 189 197 202 215 221 232 243 253 
7 12 28 38 46 50 69 75 82 97 105 114 122 130 144 159 166 176 180 198 203 216 222 233 244 254 
8 13 29 39 47 51 60 76 83 98 106 115 123 131 145 150 167 177 181 199 204 217 223 234 245 255 
9 14 20 30 48 52 61 77 84 99 107 116 124 132 146 151 168 178 182 190 205 218 224 235 246 256 
0 15 21 31 49 53 62 78 85 90 108 117 125 133 147 152 169 179 183 191 206 219 225 236 247 257 
1 16 22 32 40 54 63 79 86 91 109 118 126 134 148 153 160 170 184 192 207 210 226 237 248 258 
7 13 21 33 45 53 63 75 86 97 104 111 125 131 143 158 160 173 184 190 208 215 228 233 248 259 
8 14 22 34 46 54 64 76 87 98 105 112 126 132 144 159 161 174 185 191 209 216 229 234 249 250 
9 15 23 35 47 55 65 77 88 99 106 113 127 133 145 150 162 175 186 192 200 217 220 235 240 251 
0 16 24 36 48 56 66 78 89 90 107 114 128 134 146 151 163 176 187 193 201 218 221 236 241 252 
1 17 25 37 49 57 67 79 80 91 108 115 129 135 147 152 164 177 188 194 202 219 222 237 242 253 
2 18 26 38 40 58 68 70 81 92 109 116 120 136 148 153 165 178 189 195 203 210 223 238 243 254 
3 19 27 39 41 59 69 71 82 93 100 117 121 137 149 154 166 179 180 196 204 211 224 239 244 255 
4 10 28 30 42 50 60 72 83 94 101 118 122 138 140 155 167 170 181 197 205 212 225 230 245 256 
5 11 29 31 43 51 61 73 84 95 102 119 123 139 141 156 168 171 182 198 206 213 226 231 246 257 
6 12 20 32 44 52 62 74 85 96 103 110 124 130 142 157 169 172 183 199 207 214 227 232 247 258 
2 15 28 34 44 55 67 75 88 93 108 111 128 135 145 152 163 173 180 199 202 214 220 236 241 258 
3 16 29 35 45 56 68 76 89 94 109 112 129 136 146 153 164 174 181 190 203 215 221 237 242 259 
4 17 20 36 46 57 69 77 80 95 100 113 120 137 147 154 165 175 182 191 204 216 222 238 243 250 
5 18 21 37 47 58 60 78 81 96 101 114 121 138 148 155 166 176 183 192 205 217 223 239 244 251 
6 19 22 38 48 59 61 79 82 97 102 115 122 139 149 156 167 177 184 193 206 218 224 230 245 252 
7 10 23 39 49 50 62 70 83 98 103 116 123 130 140 157 168 178 185 194 207 219 225 231 246 253 
8 11 24 30 40 51 63 71 84 99 104 117 124 131 141 158 169 179 186 195 208 210 226 232 247 254 
9 12 25 31 41 52 64 72 85 90 105 118 125 132 142 159 160 170 187 196 209 211 227 233 248 255 
0 13 26 32 42 53 65 73 86 91 106 119 126 133 143 150 161 171 188 197 200 212 228 234 249 256 
1 14 27 33 43 54 66 74 87 92 107 110 127 134 144 151 162 172 189 198 201 213 229 235 240 257 
1 12 21 39 48 56 62 76 88 96 108 115 122 139 148 150 167 174 182 196 209 218 229 230 245 251 
2 13 22 30 49 57 63 77 89 97 109 116 123 130 149 151 168 175 183 197 200 219 220 231 246 252 
3 14 23 31 40 58 64 78 80 98 100 117 124 131 140 152 169 176 184 198 201 210 221 232 247 253 
4 15 24 32 41 59 65 79 81 99 101 118 125 132 141 153 160 177 185 199 202 211 222 233 248 254 
5 16 25 33 42 50 66 70 82 90 102 119 126 133 142 154 161 178 186 190 203 212 223 234 249 255 
6 17 26 34 43 51 67 71 83 91 103 110 127 134 143 155 162 179 187 191 204 213 224 235 240 256 
7 18 27 35 44 52 68 72 84 92 104 111 128 135 144 156 163 170 188 192 205 214 225 236 241 257 
8 19 28 36 45 53 69 73 85 93 105 112 129 136 145 157 164 171 189 193 206 215 226 237 242 258 
9 10 29 37 46 54 60 74 86 94 106 113 120 137 146 158 165 172 180 194 207 216 227 238 243 259 
0 11 20 38 47 55 61 75 87 95 107 114 121 138 147 159 166 173 181 195 208 217 228 239 244 250 
1 18 27 35 46 58 64 74 88 95 101 113 129 139 149 150 164 171 180 190 209 210 227 234 246 256 
2 19 28 36 47 59 65 75 89 96 102 114 120 130 140 151 165 172 181 191 200 211 228 235 247 257 
3 10 29 37 48 50 66 76 80 97 103 115 121 131 141 152 166 173 182 192 201 212 229 236 248 258 
4 11 20 38 49 51 67 77 81 98 104 116 122 132 142 153 167 174 183 193 202 213 220 237 249 259 
5 12 21 39 40 52 68 78 82 99 105 117 123 133 143 154 168 175 184 194 203 214 221 238 240 250 
6 13 22 30 41 53 69 79 83 90 106 118 124 134 144 155 169 176 185 195 204 215 222 239 241 251 
7 14 23 31 42 54 60 70 84 91 107 119 125 135 145 156 160 177 186 196 205 216 223 230 242 252 
8 15 24 32 43 55 61 71 85 92 108 110 126 136 146 157 161 178 187 197 206 217 224 231 243 253 
9 16 25 33 44 56 62 72 86 93 109 111 127 137 147 158 162 179 188 198 207 218 225 232 244 254 
0 17 26 34 45 57 63 73 87 94 100 112 128 138 148 159 163 170 189 199 208 219 226 233 245 255 
3 16 26 31 40 57 66 75 82 92 103 116 129 134 142 150 164 174 189 194 204 211 222 234 244 254 
4 17 27 32 41 58 67 76 83 93 104 117 120 135 143 151 165 175 180 195 205 212 223 235 245 255 
5 18 28 33 42 59 68 77 84 94 105 118 121 136 144 152 166 176 181 196 206 213 224 236 246 256 
6 19 29 34 43 50 69 78 85 95 106 119 122 137 145 153 167 177 182 197 207 214 225 237 247 257 
7 10 20 35 44 51 60 79 86 96 107 110 123 138 146 154 168 178 183 198 208 215 226 238 248 258 
8 11 21 36 45 52 61 70 87 97 108 111 124 139 147 155 169 179 184 199 209 216 227 239 249 259 
9 12 22 37 46 53 62 71 88 98 109 112 125 130 148 156 160 170 185 190 200 217 228 230 240 250 
0 13 23 38 47 54 63 72 89 99 100 113 126 131 149 157 161 171 186 191 201 218 229 231 241 251 
1 14 24 39 48 55 64 73 80 90 101 114 127 132 140 158 162 172 187 192 202 219 220 232 242 252 
2 15 25 30 49 56 65 74 81 91 102 115 128 133 141 159 163 173 188 193 203 210 221 233 243 253 
5 11 26 31 47 56 67 74 84 95 108 113 120 134 145 156 160 174 181 192 202 215 226 231 249 254 
6 12 27 32 48 57 68 75 85 96 109 114 121 135 146 157 161 175 182 193 203 216 227 232 240 255 
7 13 28 33 49 58 69 76 86 97 100 115 122 136 147 158 162 176 183 194 204 217 228 233 241 256 
8 14 29 34 40 59 60 77 87 98 101 116 123 137 148 159 163 177 184 195 205 218 229 234 242 257 
9 15 20 35 41 50 61 78 88 99 102 117 124 138 149 150 164 178 185 196 206 219 220 235 243 258 
0 16 21 36 42 51 62 79 89 90 103 118 125 139 140 151 165 179 186 197 207 210 221 236 244 259 
1 17 22 37 43 52 63 70 80 91 104 119 126 130 141 152 166 170 187 198 208 211 222 237 245 250 
2 18 23 38 44 53 64 71 81 92 105 110 127 131 142 153 167 171 188 199 209 212 223 238 246 251 
3 19 24 39 45 54 65 72 82 93 106 111 128 132 143 154 168 172 189 190 200 213 224 239 247 252 
4 10 25 30 46 55 66 73 83 94 107 112 129 133 144 155 169 173 180 191 201 214 225 230 248 253 
2 12 28 36 43 50 67 79 82 92 108 119 123 132 144 154 165 174 188 190 201 219 222 239 241 254 
3 13 29 37 44 51 68 70 83 93 109 110 124 133 145 155 166 175 189 191 202 210 223 230 242 255 
4 14 20 38 45 52 69 71 84 94 100 111 125 134 146 156 167 176 180 192 203 211 224 231 243 256 
5 15 21 39 46 53 60 72 85 95 101 112 126 135 147 157 168 177 181 193 204 212 225 232 244 257 
6 16 22 30 47 54 61 73 86 96 102 113 127 136 148 158 169 178 182 194 205 213 226 233 245 258 
7 17 23 31 48 55 62 74 87 97 103 114 128 137 149 159 160 179 183 195 206 214 227 234 246 259 
8 18 24 32 49 56 63 75 88 98 104 115 129 138 140 150 161 170 184 196 207 215 228 235 247 250 
9 19 25 33 40 57 64 76 89 99 105 116 120 139 141 151 162 171 185 197 208 216 229 236 248 251 
0 10 26 34 41 58 65 77 80 90 106 117 121 130 142 152 163 172 186 198 209 217 220 237 249 252 
1 11 27 35 42 59 66 78 81 91 107 118 122 131 143 153 164 173 187 199 200 218 221 238 240 253 
7 18 25 34 42 58 66 77 84 99 108 112 129 130 147 154 169 170 184 194 204 219 225 233 240 253 
8 19 26 35 43 59 67 78 85 90 109 113 120 131 148 155 160 171 185 195 205 210 226 234 241 254 
9 10 27 36 44 50 68 79 86 91 100 114 121 132 149 156 161 172 186 196 206 211 227 235 242 255 
0 11 28 37 45 51 69 70 87 92 101 115 122 133 140 157 162 173 187 197 207 212 228 236 243 256 
1 12 29 38 46 52 60 71 88 93 102 116 123 134 141 158 163 174 188 198 208 213 229 237 244 257 
2 13 20 39 47 53 61 72 89 94 103 117 124 135 142 159 164 175 189 199 209 214 220 238 245 258 
3 14 21 30 48 54 62 73 80 95 104 118 125 136 143 150 165 176 180 190 200 215 221 239 246 259 
4 15 22 31 49 55 63 74 81 96 105 119 126 137 144 151 166 177 181 191 201 216 222 230 247 250 
5 16 23 32 40 56 64 75 82 97 106 110 127 138 145 152 167 178 182 192 202 217 223 231 248 251 
6 17 24 33 41 57 65 76 83 98 107 111 128 139 146 153 168 179 183 193 203 218 224 232 249 252 
2 19 25 36 46 50 61 78 87 93 109 110 124 131 149 159 163 178 182 197 203 218 227 237 242 254 
3 10 26 37 47 51 62 79 88 94 100 111 125 132 140 150 164 179 183 198 204 219 228 238 243 255 
4 11 27 38 48 52 63 70 89 95 101 112 126 133 141 151 165 170 184 199 205 210 229 239 244 256 
5 12 28 39 49 53 64 71 80 96 102 113 127 134 142 152 166 171 185 190 206 211 220 230 245 257 
6 13 29 30 40 54 65 72 81 97 103 114 128 135 143 153 167 172 186 191 207 212 221 231 246 258 
7 14 20 31 41 55 66 73 82 98 104 115 129 136 144 154 168 173 187 192 208 213 222 232 247 259 
8 15 21 32 42 56 67 74 83 99 105 116 120 137 145 155 169 174 188 193 209 214 223 233 248 250 
9 16 22 33 43 57 68 75 84 90 106 117 121 138 146 156 160 175 189 194 200 215 224 234 249 251 
0 17 23 34 44 58 69 76 85 91 107 118 122 139 147 157 161 176 180 195 201 216 225 235 240 252 
1 18 24 35 45 59 60 77 86 92 108 119 123 130 148 158 162 177 181 196 202 217 226 236 241 253 
6 18 27 33 41 56 65 77 80 98 100 114 127 137 148 153 164 179 187 193 201 210 229 230 240 252 
7 19 28 34 42 57 66 78 81 99 101 115 128 138 149 154 165 170 188 194 202 211 220 231 241 253 
8 10 29 35 43 58 67 79 82 90 102 116 129 139 140 155 166 171 189 195 203 212 221 232 242 254 
9 11 20 36 44 59 68 70 83 91 103 117 120 130 141 156 167 172 180 196 204 213 222 233 243 255 
0 12 21 37 45 50 69 71 84 92 104 118 121 131 142 157 168 173 181 197 205 214 223 234 244 256 
1 13 22 38 46 51 60 72 85 93 105 119 122 132 143 158 169 174 182 198 206 215 224 235 245 257 
2 14 23 39 47 52 61 73 86 94 106 110 123 133 144 159 160 175 183 199 207 216 225 236 246 258 
3 15 24 30 48 53 62 74 87 95 107 111 124 134 145 150 161 176 184 190 208 217 226 237 247 259 
4 16 25 31 49 54 63 75 88 96 108 112 125 135 146 151 162 177 185 191 209 218 227 238 248 250 
5 17 26 32 40 55 64 76 89 97 109 113 126 136 147 152 163 178 186 192 200 219 228 239 249 251 
1 17 29 31 49 55 69 76 89 90 103 111 127 136 143 157 167 170 181 198 206 215 224 234 249 255 
2 18 20 32 40 56 60 77 80 91 104 112 128 137 144 158 168 171 182 199 207 216 225 235 240 256 
3 19 21 33 41 57 61 78 81 92 105 113 129 138 145 159 169 172 183 190 208 217 226 236 241 257 
4 10 22 34 42 58 62 79 82 93 106 114 120 139 146 150 160 173 184 191 209 218 227 237 242 258 
5 11 23 35 43 59 63 70 83 94 107 115 121 130 147 151 161 174 185 192 200 219 228 238 243 259 
6 12 24 36 44 50 64 71 84 95 108 116 122 131 148 152 162 175 186 193 201 210 229 239 244 250 
7 13 25 37 45 51 65 72 85 96 109 117 123 132 149 153 163 176 187 194 202 211 220 230 245 251 
8 14 26 38 46 52 66 73 86 97 100 118 124 133 140 154 164 177 188 195 203 212 221 231 246 252 
9 15 27 39 47 53 67 74 87 98 101 119 125 134 141 155 165 178 189 196 204 213 222 232 247 253 
0 16 28 30 48 54 68 75 88 99 102 110 126 135 142 156 166 179 180 197 205 214 223 233 248 254 
4 18 25 32 40 54 69 79 85 98 104 114 125 133 141 158 165 179 181 191 206 211 228 238 247 254 
5 19 26 33 41 55 60 70 86 99 105 115 126 134 142 159 166 170 182 192 207 212 229 239 248 255 
6 10 27 34 42 56 61 71 87 90 106 116 127 135 143 150 167 171 183 193 208 213 220 230 249 256 
7 11 28 35 43 57 62 72 88 91 107 117 128 136 144 151 168 172 184 194 209 214 221 231 240 257 
8 12 29 36 44 58 63 73 89 92 108 118 129 137 145 152 169 173 185 195 200 215 222 232 241 258 
9 13 20 37 45 59 64 74 80 93 109 119 120 138 146 153 160 174 186 196 201 216 223 233 242 259 
0 14 21 38 46 50 65 75 81 94 100 110 121 139 147 154 161 175 187 197 202 217 224 234 243 250 
1 15 22 39 47 51 66 76 82 95 101 111 122 130 148 155 162 176 188 198 203 218 225 235 244 251 
2 16 23 30 48 52 67 77 83 96 102 112 123 131 149 156 163 177 189 199 204 219 226 236 245 252 
3 17 24 31 49 53 68 78 84 97 103 113 124 132 140 157 164 178 180 190 205 210 227 237 246 253 
6 14 28 35 47 50 63 72 85 93 109 114 122 134 143 150 165 178 180 190 209 215 229 230 243 255 
7 15 29 36 48 51 64 73 86 94 100 115 123 135 144 151 166 179 181 191 200 216 220 231 244 256 
8 16 20 37 49 52 65 74 87 95 101 116 124 136 145 152 167 170 182 192 201 217 221 232 245 257 
9 17 21 38 40 53 66 75 88 96 102 117 125 137 146 153 168 171 183 193 202 218 222 233 246 258 
0 18 22 39 41 54 67 76 89 97 103 118 126 138 147 154 169 172 184 194 203 219 223 234 247 259 
1 19 23 30 42 55 68 77 80 98 104 119 127 139 148 155 160 173 185 195 204 210 224 235 248 250 
2 10 24 31 43 56 69 78 81 99 105 110 128 130 149 156 161 174 186 196 205 211 225 236 249 251 
3 11 25 32 44 57 60 79 82 90 106 111 129 131 140 157 162 175 187 197 206 212 226 237 240 252 
4 12 26 33 45 58 61 70 83 91 107 112 120 132 141 158 163 176 188 198 207 213 227 238 241 253 
5 13 27 34 46 59 62 71 84 92 108 113 121 133 142 159 164 177 189 199 208 214 228 239 242 254 
1 14 23 38 49 50 63 77 82 90 107 116 125 139 142 155 164 175 186 190 202 212 225 232 242 251 
2 15 24 39 40 51 64 78 83 91 108 117 126 130 143 156 165 176 187 191 203 213 226 233 243 252 
3 16 25 30 41 52 65 79 84 92 109 118 127 131 144 157 166 177 188 192 204 214 227 234 244 253 
4 17 26 31 42 53 66 70 85 93 100 119 128 132 145 158 167 178 189 193 205 215 228 235 245 254 
5 18 27 32 43 54 67 71 86 94 101 110 129 133 146 159 168 179 180 194 206 216 229 236 246 255 
6 19 28 33 44 55 68 72 87 95 102 111 120 134 147 150 169 170 181 195 207 217 220 237 247 256 
7 10 29 34 45 56 69 73 88 96 103 112 121 135 148 151 160 171 182 196 208 218 221 238 248 257 
8 11 20 35 46 57 60 74 89 97 104 113 122 136 149 152 161 172 183 197 209 219 222 239 249 258 
9 12 21 36 47 58 61 75 80 98 105 114 123 137 140 153 162 173 184 198 200 210 223 230 240 259 
0 13 22 37 48 59 62 76 81 99 106 115 124 138 141 154 163 174 185 199 201 211 224 231 241 250 
8 11 21 34 49 55 69 70 81 98 107 114 125 132 144 153 165 172 182 198 204 219 223 231 246 255 
9 12 22 35 40 56 60 71 82 99 108 115 126 133 145 154 166 173 183 199 205 210 224 232 247 256 
0 13 23 36 41 57 61 72 83 90 109 116 127 134 146 155 167 174 184 190 206 211 225 233 248 257 
1 14 24 37 42 58 62 73 84 91 100 117 128 135 147 156 168 175 185 191 207 212 226 234 249 258 
2 15 25 38 43 59 63 74 85 92 101 118 129 136 148 157 169 176 186 192 208 213 227 235 240 259 
3 16 26 39 44 50 64 75 86 93 102 119 120 137 149 158 160 177 187 193 209 214 228 236 241 250 
4 17 27 30 45 51 65 76 87 94 103 110 121 138 140 159 161 178 188 194 200 215 229 237 242 251 
5 18 28 31 46 52 66 77 88 95 104 111 122 139 141 150 162 179 189 195 201 216 220 238 243 252 
6 19 29 32 47 53 67 78 89 96 105 112 123 130 142 151 163 170 180 196 202 217 221 239 244 253 
7 10 20 33 48 54 68 79 80 97 106 113 124 131 143 152 164 171 181 197 203 218 222 230 245 254 
6 14 24 38 45 52 69 79 87 98 102 116 128 136 144 158 163 179 181 190 202 216 229 232 244 251 
7 15 25 39 46 53 60 70 88 99 103 117 129 137 145 159 164 170 182 191 203 217 220 233 245 252 
8 16 26 30 47 54 61 71 89 90 104 118 120 138 146 150 165 171 183 192 204 218 221 234 246 253 
9 17 27 31 48 55 62 72 80 91 105 119 121 139 147 151 166 172 184 193 205 219 222 235 247 254 
0 18 28 32 49 56 63 73 81 92 106 110 122 130 148 152 167 173 185 194 206 210 223 236 248 255 
1 19 29 33 40 57 64 74 82 93 107 111 123 131 149 153 168 174 186 195 207 211 224 237 249 256 
2 10 20 34 41 58 65 75 83 94 108 112 124 132 140 154 169 175 187 196 208 212 225 238 240 257 
3 11 21 35 42 59 66 76 84 95 109 113 125 133 141 155 160 176 188 197 209 213 226 239 241 258 
4 12 22 36 43 50 67 77 85 96 100 114 126 134 142 156 161 177 189 198 200 214 227 230 242 259 
5 13 23 37 44 51 68 78 86 97 101 115 127 135 143 157 162 178 180 199 201 215 228 231 243 250 
4 17 22 38 42 55 62 77 83 98 109 112 127 139 140 152 162 179 185 196 207 211 226 235 248 255 
5 18 23 39 43 56 63 78 84 99 100 113 128 130 141 153 163 170 186 197 208 212 227 236 249 256 
6 19 24 30 44 57 64 79 85 90 101 114 129 131 142 154 164 171 187 198 209 213 228 237 240 257 
7 10 25 31 45 58 65 70 86 91 102 115 120 132 143 155 165 172 188 199 200 214 229 238 241 258 
8 11 26 32 46 59 66 71 87 92 103 116 121 133 144 156 166 173 189 190 201 215 220 239 242 259 
9 12 27 33 47 50 67 72 88 93 104 117 122 134 145 157 167 174 180 191 202 216 221 230 243 250 
0 13 28 34 48 51 68 73 89 94 105 118 123 135 146 158 168 175 181 192 203 217 222 231 244 251 
1 14 29 35 49 52 69 74 80 95 106 119 124 136 147 159 169 176 182 193 204 218 223 232 245 252 
2 15 20 36 40 53 60 75 81 96 107 110 125 137 148 150 160 177 183 194 205 219 224 233 246 253 
3 16 21 37 41 54 61 76 82 97 108 111 126 138 149 151 161 178 184 195 206 210 225 234 247 254 
2 18 27 36 49 55 64 71 80 96 106 115 120 132 143 153 164 178 189 197 203 215 223 239 241 258 
3 19 28 37 40 56 65 72 81 97 107 116 121 133 144 154 165 179 180 198 204 216 224 230 242 259 
4 10 29 38 41 57 66 73 82 98 108 117 122 134 145 155 166 170 181 199 205 217 225 231 243 250 
5 11 20 39 42 58 67 74 83 99 109 118 123 135 146 156 167 171 182 190 206 218 226 232 244 251 
6 12 21 30 43 59 68 75 84 90 100 119 124 136 147 157 168 172 183 191 207 219 227 233 245 252 
7 13 22 31 44 50 69 76 85 91 101 110 125 137 148 158 169 173 184 192 208 210 228 234 246 253 
8 14 23 32 45 51 60 77 86 92 102 111 126 138 149 159 160 174 185 193 209 211 229 235 247 254 
9 15 24 33 46 52 61 78 87 93 103 112 127 139 140 150 161 175 186 194 200 212 220 236 248 255 
0 16 25 34 47 53 62 79 88 94 104 113 128 130 141 151 162 176 187 195 201 213 221 237 249 256 
1 17 26 35 48 54 63 70 89 95 105 114 129 131 142 152 163 177 188 196 202 214 222 238 240 257 
0 17 26 36 43 58 61 73 82 90 105 116 128 138 149 154 161 173 186 197 203 210 225 235 247 259 
1 18 27 37 44 59 62 74 83 91 106 117 129 139 140 155 162 174 187 198 204 211 226 236 248 250 
2 19 28 38 45 50 63 75 84 92 107 118 120 130 141 156 163 175 188 199 205 212 227 237 249 251 
3 10 29 39 46 51 64 76 85 93 108 119 121 131 142 157 164 176 189 190 206 213 228 238 240 252 
4 11 20 30 47 52 65 77 86 94 109 110 122 132 143 158 165 177 180 191 207 214 229 239 241 253 
5 12 21 31 48 53 66 78 87 95 100 111 123 133 144 159 166 178 181 192 208 215 220 230 242 254 
6 13 22 32 49 54 67 79 88 96 101 112 124 134 145 150 167 179 182 193 209 216 221 231 243 255 
7 14 23 33 40 55 68 70 89 97 102 113 125 135 146 151 168 170 183 194 200 217 222 232 244 256 
8 15 24 34 41 56 69 71 80 98 103 114 126 136 147 152 169 171 184 195 201 218 223 233 245 257 
9 16 25 35 42 57 60 72 81 99 104 115 127 137 148 153 160 172 185 196 202 219 224 234 246 258 
7 11 25 39 42 52 69 75 88 92 101 119 126 133 146 151 162 174 180 191 208 214 221 234 248 257 
8 12 26 30 43 53 60 76 89 93 102 110 127 134 147 152 163 175 181 192 209 215 222 235 249 258 
9 13 27 31 44 54 61 77 80 94 103 111 128 135 148 153 164 176 182 193 200 216 223 236 240 259 
0 14 28 32 45 55 62 78 81 95 104 112 129 136 149 154 165 177 183 194 201 217 224 237 241 250 
1 15 29 33 46 56 63 79 82 96 105 113 120 137 140 155 166 178 184 195 202 218 225 238 242 251 
2 16 20 34 47 57 64 70 83 97 106 114 121 138 141 156 167 179 185 196 203 219 226 239 243 252 
3 17 21 35 48 58 65 71 84 98 107 115 122 139 142 157 168 170 186 197 204 210 227 230 244 253 
4 18 22 36 49 59 66 72 85 99 108 116 123 130 143 158 169 171 187 198 205 211 228 231 245 254 
5 19 23 37 40 50 67 73 86 90 109 117 124 131 144 159 160 172 188 199 206 212 229 232 246 255 
6 10 24 38 41 51 68 74 87 91 100 118 125 132 145 150 161 173 189 190 207 213 220 233 247 256 
4 11 20 39 47 50 67 72 82 99 107 119 124 133 141 155 162 177 181 196 202 213 223 239 242 259 
5 12 21 30 48 51 68 73 83 90 108 110 125 134 142 156 163 178 182 197 203 214 224 230 243 250 
6 13 22 31 49 52 69 74 84 91 109 111 126 135 143 157 164 179 183 198 204 215 225 231 244 251 
7 14 23 32 40 53 60 75 85 92 100 112 127 136 144 158 165 170 184 199 205 216 226 232 245 252 
8 15 24 33 41 54 61 76 86 93 101 113 128 137 145 159 166 171 185 190 206 217 227 233 246 253 
9 16 25 34 42 55 62 77 87 94 102 114 129 138 146 150 167 172 186 191 207 218 228 234 247 254 
0 17 26 35 43 56 63 78 88 95 103 115 120 139 147 151 168 173 187 192 208 219 229 235 248 255 
1 18 27 36 44 57 64 79 89 96 104 116 121 130 148 152 169 174 188 193 209 210 220 236 249 256 
2 19 28 37 45 58 65 70 80 97 105 117 122 131 149 153 160 175 189 194 200 211 221 237 240 257 
3 10 29 38 46 59 66 71 81 98 106 118 123 132 140 154 161 176 180 195 201 212 222 238 241 258 
0 16 23 35 47 58 69 77 87 96 107 114 128 130 143 156 169 177 186 193 203 218 221 234 247 250 
1 17 24 36 48 59 60 78 88 97 108 115 129 131 144 157 160 178 187 194 204 219 222 235 248 251 
2 18 25 37 49 50 61 79 89 98 109 116 120 132 145 158 161 179 188 195 205 210 223 236 249 252 
3 19 26 38 40 51 62 70 80 99 100 117 121 133 146 159 162 170 189 196 206 211 224 237 240 253 
4 10 27 39 41 52 63 71 81 90 101 118 122 134 147 150 163 171 180 197 207 212 225 238 241 254 
5 11 28 30 42 53 64 72 82 91 102 119 123 135 148 151 164 172 181 198 208 213 226 239 242 255 
6 12 29 31 43 54 65 73 83 92 103 110 124 136 149 152 165 173 182 199 209 214 227 230 243 256 
7 13 20 32 44 55 66 74 84 93 104 111 125 137 140 153 166 174 183 190 200 215 228 231 244 257 
8 14 21 33 45 56 67 75 85 94 105 112 126 138 141 154 167 175 184 191 201 216 229 232 245 258 
9 15 22 34 46 57 68 76 86 95 106 113 127 139 142 155 168 176 185 192 202 217 220 233 246 259 
5 18 29 30 47 52 69 70 87 93 108 114 120 135 143 158 166 172 185 192 208 214 227 234 247 250 
6 19 20 31 48 53 60 71 88 94 109 115 121 136 144 159 167 173 186 193 209 215 228 235 248 251 
7 10 21 32 49 54 61 72 89 95 100 116 122 137 145 150 168 174 187 194 200 216 229 236 249 252 
8 11 22 33 40 55 62 73 80 96 101 117 123 138 146 151 169 175 188 195 201 217 220 237 240 253 
9 12 23 34 41 56 63 74 81 97 102 118 124 139 147 152 160 176 189 196 202 218 221 238 241 254 
0 13 24 35 42 57 64 75 82 98 103 119 125 130 148 153 161 177 180 197 203 219 222 239 242 255 
1 14 25 36 43 58 65 76 83 99 104 110 126 131 149 154 162 178 181 198 204 210 223 230 243 256 
2 15 26 37 44 59 66 77 84 90 105 111 127 132 140 155 163 179 182 199 205 211 224 231 244 257 
3 16 27 38 45 50 67 78 85 91 106 112 128 133 141 156 164 170 183 190 206 212 225 232 245 258 
4 17 28 39 46 51 68 79 86 92 107 113 129 134 142 157 165 171 184 191 207 213 226 233 246 259 
2 18 24 37 48 52 65 70 85 92 102 112 122 137 145 158 164 179 180 194 204 210 226 232 249 251 
3 19 25 38 49 53 66 71 86 93 103 113 123 138 146 159 165 170 181 195 205 211 227 233 240 252 
4 10 26 39 40 54 67 72 87 94 104 114 124 139 147 150 166 171 182 196 206 212 228 234 241 253 
5 11 27 30 41 55 68 73 88 95 105 115 125 130 148 151 167 172 183 197 207 213 229 235 242 254 
6 12 28 31 42 56 69 74 89 96 106 116 126 131 149 152 168 173 184 198 208 214 220 236 243 255 
7 13 29 32 43 57 60 75 80 97 107 117 127 132 140 153 169 174 185 199 209 215 221 237 244 256 
8 14 20 33 44 58 61 76 81 98 108 118 128 133 141 154 160 175 186 190 200 216 222 238 245 257 
9 15 21 34 45 59 62 77 82 99 109 119 129 134 142 155 161 176 187 191 201 217 223 239 246 258 
0 16 22 35 46 50 63 78 83 90 100 110 120 135 143 156 162 177 188 192 202 218 224 230 247 259 
1 17 23 36 47 51 64 79 84 91 101 111 121 136 144 157 163 178 189 193 203 219 225 231 248 250 
9 19 25 36 49 58 68 74 88 93 106 110 124 139 142 156 164 174 183 199 202 217 225 230 242 252 
0 10 26 37 40 59 69 75 89 94 107 111 125 130 143 157 165 175 184 190 203 218 226 231 243 253 
1 11 27 38 41 50 60 76 80 95 108 112 126 131 144 158 166 176 185 191 204 219 227 232 244 254 
2 12 28 39 42 51 61 77 81 96 109 113 127 132 145 159 167 177 186 192 205 210 228 233 245 255 
3 13 29 30 43 52 62 78 82 97 100 114 128 133 146 150 168 178 187 193 206 211 229 234 246 256 
4 14 20 31 44 53 63 79 83 98 101 115 129 134 147 151 169 179 188 194 207 212 220 235 247 257 
5 15 21 32 45 54 64 70 84 99 102 116 120 135 148 152 160 170 189 195 208 213 221 236 248 258 
6 16 22 33 46 55 65 71 85 90 103 117 121 136 149 153 161 171 180 196 209 214 222 237 249 259 
7 17 23 34 47 56 66 72 86 91 104 118 122 137 140 154 162 172 181 197 200 215 223 238 240 250 
8 18 24 35 48 57 67 73 87 92 105 119 123 138 141 155 163 173 182 198 201 216 224 239 241 251 
0 18 24 32 40 53 69 75 87 95 100 112 129 138 148 156 168 175 185 190 202 219 222 235 248 254 
1 19 25 33 41 54 60 76 88 96 101 113 120 139 149 157 169 176 186 191 203 210 223 236 249 255 
2 10 26 34 42 55 61 77 89 97 102 114 121 130 140 158 160 177 187 192 204 211 224 237 240 256 
3 11 27 35 43 56 62 78 80 98 103 115 122 131 141 159 161 178 188 193 205 212 225 238 241 257 
4 12 28 36 44 57 63 79 81 99 104 116 123 132 142 150 162 179 189 194 206 213 226 239 242 258 
5 13 29 37 45 58 64 70 82 90 105 117 124 133 143 151 163 170 180 195 207 214 227 230 243 259 
6 14 20 38 46 59 65 71 83 91 106 118 125 134 144 152 164 171 181 196 208 215 228 231 244 250 
7 15 21 39 47 50 66 72 84 92 107 119 126 135 145 153 165 172 182 197 209 216 229 232 245 251 
8 16 22 30 48 51 67 73 85 93 108 110 127 136 146 154 166 173 183 198 200 217 220 233 246 252 
9 17 23 31 49 52 68 74 86 94 109 111 128 137 147 155 167 174 184 199 201 218 221 234 247 253 
3 14 24 32 46 54 60 71 84 90 104 116 126 134 148 156 166 171 185 195 207 213 220 239 241 252 
4 15 25 33 47 55 61 72 85 91 105 117 127 135 149 157 167 172 186 196 208 214 221 230 242 253 
5 16 26 34 48 56 62 73 86 92 106 118 128 136 140 158 168 173 187 197 209 215 222 231 243 254 
6 17 27 35 49 57 63 74 87 93 107 119 129 137 141 159 169 174 188 198 200 216 223 232 244 255 
7 18 28 36 40 58 64 75 88 94 108 110 120 138 142 150 160 175 189 199 201 217 224 233 245 256 
8 19 29 37 41 59 65 76 89 95 109 111 121 139 143 151 161 176 180 190 202 218 225 234 246 257 
9 10 20 38 42 50 66 77 80 96 100 112 122 130 144 152 162 177 181 191 203 219 226 235 247 258 
0 11 21 39 43 51 67 78 81 97 101 113 123 131 145 153 163 178 182 192 204 210 227 236 248 259 
1 12 22 30 44 52 68 79 82 98 102 114 124 132 146 154 164 179 183 193 205 211 228 237 249 250 
2 13 23 31 45 53 69 70 83 99 103 115 125 133 147 155 165 170 184 194 206 212 229 238 240 251 
8 13 28 33 47 51 60 72 80 97 109 113 128 133 141 152 166 174 184 198 200 210 226 235 245 250 
9 14 29 34 48 52 61 73 81 98 100 114 129 134 142 153 167 175 185 199 201 211 227 236 246 251 
0 15 20 35 49 53 62 74 82 99 101 115 120 135 143 154 168 176 186 190 202 212 228 237 247 252 
1 16 21 36 40 54 63 75 83 90 102 116 121 136 144 155 169 177 187 191 203 213 229 238 248 253 
2 17 22 37 41 55 64 76 84 91 103 117 122 137 145 156 160 178 188 192 204 214 220 239 249 254 
3 18 23 38 42 56 65 77 85 92 104 118 123 138 146 157 161 179 189 193 205 215 221 230 240 255 
4 19 24 39 43 57 66 78 86 93 105 119 124 139 147 158 162 170 180 194 206 216 222 231 241 256 
5 10 25 30 44 58 67 79 87 94 106 110 125 130 148 159 163 171 181 195 207 217 223 232 242 257 
6 11 26 31 45 59 68 70 88 95 107 111 126 131 149 150 164 172 182 196 208 218 224 233 243 258 
7 12 27 32 46 50 69 71 89 96 108 112 127 132 140 151 165 173 183 197 209 219 225 234 244 259 
9 19 22 30 41 50 63 79 83 90 100 114 125 130 144 152 164 172 185 192 201 212 226 235 240 259 
0 10 23 31 42 51 64 70 84 91 101 115 126 131 145 153 165 173 186 193 202 213 227 236 241 250 
1 11 24 32 43 52 65 71 85 92 102 116 127 132 146 154 166 174 187 194 203 214 228 237 242 251 
2 12 25 33 44 53 66 72 86 93 103 117 128 133 147 155 167 175 188 195 204 215 229 238 243 252 
3 13 26 34 45 54 67 73 87 94 104 118 129 134 148 156 168 176 189 196 205 216 220 239 244 253 
4 14 27 35 46 55 68 74 88 95 105 119 120 135 149 157 169 177 180 197 206 217 221 230 245 254 
5 15 28 36 47 56 69 75 89 96 106 110 121 136 140 158 160 178 181 198 207 218 222 231 246 255 
6 16 29 37 48 57 60 76 80 97 107 111 122 137 141 159 161 179 182 199 208 219 223 232 247 256 
7 17 20 38 49 58 61 77 81 98 108 112 123 138 142 150 162 170 183 190 209 210 224 233 248 257 
8 18 21 39 40 59 62 78 82 99 109 113 124 139 143 151 163 171 184 191 200 211 225 234 249 258 
6 16 22 31 49 58 60 71 88 99 101 114 121 134 144 159 161 170 189 192 202 213 221 237 245 253 
7 17 23 32 40 59 61 72 89 90 102 115 122 135 145 150 162 171 180 193 203 214 222 238 246 254 
8 18 24 33 41 50 62 73 80 91 103 116 123 136 146 151 163 172 181 194 204 215 223 239 247 255 
9 19 25 34 42 51 63 74 81 92 104 117 124 137 147 152 164 173 182 195 205 216 224 230 248 256 
0 10 26 35 43 52 64 75 82 93 105 118 125 138 148 153 165 174 183 196 206 217 225 231 249 257 
1 11 27 36 44 53 65 76 83 94 106 119 126 139 149 154 166 175 184 197 207 218 226 232 240 258 
2 12 28 37 45 54 66 77 84 95 107 110 127 130 140 155 167 176 185 198 208 219 227 233 241 259 
3 13 29 38 46 55 67 78 85 96 108 111 128 131 141 156 168 177 186 199 209 210 228 234 242 250 
4 14 20 39 47 56 68 79 86 97 109 112 129 132 142 157 169 178 187 190 200 211 229 235 243 251 
5 15 21 30 48 57 69 70 87 98 100 113 120 133 143 158 160 179 188 191 201 212 220 236 244 252 
6 11 28 36 48 51 62 73 83 91 101 113 122 139 145 150 163 174 185 190 203 213 227 232 249 259 
7 12 29 37 49 52 63 74 84 92 102 114 123 130 146 151 164 175 186 191 204 214 228 233 240 250 
8 13 20 38 40 53 64 75 85 93 103 115 124 131 147 152 165 176 187 192 205 215 229 234 241 251 
9 14 21 39 41 54 65 76 86 94 104 116 125 132 148 153 166 177 188 193 206 216 220 235 242 252 
0 15 22 30 42 55 66 77 87 95 105 117 126 133 149 154 167 178 189 194 207 217 221 236 243 253 
1 16 23 31 43 56 67 78 88 96 106 118 127 134 140 155 168 179 180 195 208 218 222 237 244 254 
2 17 24 32 44 57 68 79 89 97 107 119 128 135 141 156 169 170 181 196 209 219 223 238 245 255 
3 18 25 33 45 58 69 70 80 98 108 110 129 136 142 157 160 171 182 197 200 210 224 239 246 256 
4 19 26 34 46 59 60 71 81 99 109 111 120 137 143 158 161 172 183 198 201 211 225 230 247 257 
5 10 27 35 47 50 61 72 82 90 100 112 121 138 144 159 162 173 184 199 202 212 226 231 248 258 
6 10 24 38 40 50 60 79 87 91 100 119 121 133 141 159 167 170 188 199 201 211 220 239 241 256 
7 11 25 39 41 51 61 70 88 92 101 110 122 134 142 150 168 171 189 190 202 212 221 230 242 257 
8 12 26 30 42 52 62 71 89 93 102 111 123 135 143 151 169 172 180 191 203 213 222 231 243 258 
9 13 27 31 43 53 63 72 80 94 103 112 124 136 144 152 160 173 181 192 204 214 223 232 244 259 
0 14 28 32 44 54 64 73 81 95 104 113 125 137 145 153 161 174 182 193 205 215 224 233 245 250 
1 15 29 33 45 55 65 74 82 96 105 114 126 138 146 154 162 175 183 194 206 216 225 234 246 251 
2 16 20 34 46 56 66 75 83 97 106 115 127 139 147 155 163 176 184 195 207 217 226 235 247 252 
3 17 21 35 47 57 67 76 84 98 107 116 128 130 148 156 164 177 185 196 208 218 227 236 248 253 
4 18 22 36 48 58 68 77 85 99 108 117 129 131 149 157 165 178 186 197 209 219 228 237 249 254 
5 19 23 37 49 59 69 78 86 90 109 118 120 132 140 158 166 179 187 198 200 210 229 238 240 255 
2 16 29 31 48 52 69 79 80 92 103 110 121 130 141 152 169 179 188 190 208 212 224 236 249 255 
3 17 20 32 49 53 60 70 81 93 104 111 122 131 142 153 160 170 189 191 209 213 225 237 240 256 
4 18 21 33 40 54 61 71 82 94 105 112 123 132 143 154 161 171 180 192 200 214 226 238 241 257 
5 19 22 34 41 55 62 72 83 95 106 113 124 133 144 155 162 172 181 193 201 215 227 239 242 258 
6 10 23 35 42 56 63 73 84 96 107 114 125 134 145 156 163 173 182 194 202 216 228 230 243 259 
7 11 24 36 43 57 64 74 85 97 108 115 126 135 146 157 164 174 183 195 203 217 229 231 244 250 
8 12 25 37 44 58 65 75 86 98 109 116 127 136 147 158 165 175 184 196 204 218 220 232 245 251 
9 13 26 38 45 59 66 76 87 99 100 117 128 137 148 159 166 176 185 197 205 219 221 233 246 252 
0 14 27 39 46 50 67 77 88 90 101 118 129 138 149 150 167 177 186 198 206 210 222 234 247 253 
1 15 28 30 47 51 68 78 89 91 102 119 120 139 140 151 168 178 187 199 207 211 223 235 248 254 
7 12 21 39 46 53 68 75 85 96 107 114 126 137 146 159 168 178 186 199 200 215 229 235 249 257 
8 13 22 30 47 54 69 76 86 97 108 115 127 138 147 150 169 179 187 190 201 216 220 236 240 258 
9 14 23 31 48 55 60 77 87 98 109 116 128 139 148 151 160 170 188 191 202 217 221 237 241 259 
0 15 24 32 49 56 61 78 88 99 100 117 129 130 149 152 161 171 189 192 203 218 222 238 242 250 
1 16 25 33 40 57 62 79 89 90 101 118 120 131 140 153 162 172 180 193 204 219 223 239 243 251 
2 17 26 34 41 58 63 70 80 91 102 119 121 132 141 154 163 173 181 194 205 210 224 230 244 252 
3 18 27 35 42 59 64 71 81 92 103 110 122 133 142 155 164 174 182 195 206 211 225 231 245 253 
4 19 28 36 43 50 65 72 82 93 104 111 123 134 143 156 165 175 183 196 207 212 226 232 246 254 
5 10 29 37 44 51 66 73 83 94 105 112 124 135 144 157 166 176 184 197 208 213 227 233 247 255 
6 11 20 38 45 52 67 74 84 95 106 113 125 136 145 158 167 177 185 198 209 214 228 234 248 256 
8 10 27 37 45 57 69 76 86 98 109 114 123 131 141 150 168 174 188 192 200 216 220 239 248 250 
9 11 28 38 46 58 60 77 87 99 100 115 124 132 142 151 169 175 189 193 201 217 221 230 249 251 
0 12 29 39 47 59 61 78 88 90 101 116 125 133 143 152 160 176 180 194 202 218 222 231 240 252 
1 13 20 30 48 50 62 79 89 91 102 117 126 134 144 153 161 177 181 195 203 219 223 232 241 253 
2 14 21 31 49 51 63 70 80 92 103 118 127 135 145 154 162 178 182 196 204 210 224 233 242 254 
3 15 22 32 40 52 64 71 81 93 104 119 128 136 146 155 163 179 183 197 205 211 225 234 243 255 
4 16 23 33 41 53 65 72 82 94 105 110 129 137 147 156 164 170 184 198 206 212 226 235 244 256 
5 17 24 34 42 54 66 73 83 95 106 111 120 138 148 157 165 171 185 199 207 213 227 236 245 257 
6 18 25 35 43 55 67 74 84 96 107 112 121 139 149 158 166 172 186 190 208 214 228 237 246 258 
7 19 26 36 44 56 68 75 85 97 108 113 122 130 140 159 167 173 187 191 209 215 229 238 247 259 
4 17 25 30 42 53 63 79 80 95 106 113 124 133 148 151 167 172 182 195 202 218 229 230 240 259 
5 18 26 31 43 54 64 70 81 96 107 114 125 134 149 152 168 173 183 196 203 219 220 231 241 250 
6 19 27 32 44 55 65 71 82 97 108 115 126 135 140 153 169 174 184 197 204 210 221 232 242 251 
7 10 28 33 45 56 66 72 83 98 109 116 127 136 141 154 160 175 185 198 205 211 222 233 243 252 
8 11 29 34 46 57 67 73 84 99 100 117 128 137 142 155 161 176 186 199 206 212 223 234 244 253 
9 12 20 35 47 58 68 74 85 90 101 118 129 138 143 156 162 177 187 190 207 213 224 235 245 254 
0 13 21 36 48 59 69 75 86 91 102 119 120 139 144 157 163 178 188 191 208 214 225 236 246 255 
1 14 22 37 49 50 60 76 87 92 103 110 121 130 145 158 164 179 189 192 209 215 226 237 247 256 
2 15 23 38 40 51 61 77 88 93 104 111 122 131 146 159 165 170 180 193 200 216 227 238 248 257 
3 16 24 39 41 52 62 78 89 94 105 112 123 132 147 150 166 171 181 194 201 217 228 239 249 258 
9 10 28 35 40 53 69 78 86 94 109 110 123 132 148 150 162 170 180 191 201 217 223 233 243 255 
0 11 29 36 41 54 60 79 87 95 100 111 124 133 149 151 163 171 181 192 202 218 224 234 244 256 
1 12 20 37 42 55 61 70 88 96 101 112 125 134 140 152 164 172 182 193 203 219 225 235 245 257 
2 13 21 38 43 56 62 71 89 97 102 113 126 135 141 153 165 173 183 194 204 210 226 236 246 258 
3 14 22 39 44 57 63 72 80 98 103 114 127 136 142 154 166 174 184 195 205 211 227 237 247 259 
4 15 23 30 45 58 64 73 81 99 104 115 128 137 143 155 167 175 185 196 206 212 228 238 248 250 
5 16 24 31 46 59 65 74 82 90 105 116 129 138 144 156 168 176 186 197 207 213 229 239 249 251 
6 17 25 32 47 50 66 75 83 91 106 117 120 139 145 157 169 177 187 198 208 214 220 230 240 252 
7 18 26 33 48 51 67 76 84 92 107 118 121 130 146 158 160 178 188 199 209 215 221 231 241 253 
8 19 27 34 49 52 68 77 85 93 108 119 122 131 147 159 161 179 189 190 200 216 222 232 242 254 
